464A
500A
504A
505A
519A
520A
523A
542A
543A
544A
545A
546A
547A
548A
549A
550A
554A
556A
558A
559A
9692
9697
9698
9699
9701
9702
9704
9706
9708
9709
9713
9715
9716
9720
9722
9723
9726
9729
9731
9733
9735
9739
9740
9742
9743
9744
9746
9753
9755
9757
9759
9760
9761
9763
9765
9766
9767
9768
9769
9778
9780
9782
9788
9790
9791
9793
9795
9799
9812
9816
9818
9820
9823
9824
9827
9828
9830
9831
9832
9835
9837
9842
9843
9845
9846
9849
9850
9853
9854
9856
9857
9861
9867
9869
9872
9876
9878
9880
9882
9885
9887
9888
9889
9890
9895
9896
9900
9902
9903
9904
9906
9908
9913
9914
9927
9928
9929
9930
9932
9934
9936
9941
9946
9948
9950
9955
9956
9959
9960
9962
9969
9972
9973
9974
9976
9978
9979
9980
9982
9983
9984
9986
9987
9989
9990
9991
9993
9994
9996
9997
